Card   1: 33 56 23 64 92 86 94  7 59 13 | 86 92 64 43 10 70 16 55 79 33 56  8  7 25 82 14 31 96 94 13 99 29 69 75 23
Card   2: 61 66 75  1 27 38 93 90 34 43 | 94 46 62 49 35 88 45 70 15 22 20 86 56 38 64 98 50  6 79 11 13 93 92 60 16
Card   3: 57  7 33 56 85  6 88 34 80  8 | 92 42  7 60 61 51 40  6 67 35  3 25 87  2 98 75 97 54 10 68 73 83  4 62 56
Card   4: 79 85 94 74 15 62 84 88 76 56 | 56  9 22 57  4 92 62 79 84 64 72 55 34 88 66 15 45 18 76 73 85 94  8 78 74
Card   5: 57 94 99 25 52 67 69 31 26 78 | 94 52 31 83 70 45 40 67 89 11 81 24 25 61 26 72 50 12 27 69 91 57 55 34 78
Card   6:  5 96  3 19 98 25 13 59 94  8 | 36 55 22 76 86 19 10  8 59  9 87 40  2 71 13 98 12 77  3 70  5 25 34 41 88
Card   7: 35 52 84 36 72 53 76 88 41 14 | 57 34 14 39 44 71 51  1 67 30 16 77 23 66 45 74 37 55 38 69 33 31 98 72 36
Card   8:  7 70 72 13 23  1 48 18 40 94 | 48 70 93 99 20 23 17 40 72 35 21  7 71  3 42 59 87 55 18 41 94  1 13 22 90
Card   9: 40  2 46 38 86 16 62 78 29 13 | 26 46 47 29 99 51 25 57 66 86 62  2 22 70 41  3 78 13 74 15 16 90 43 40 38
Card  10: 35 71 99 87 81 58  5 83 55 73 | 90 34 71 10 96 38 39 29 69 93 35 51 86 12 76 91 80 36 17 59 64 68 58 15 82
Card  11: 35 89 27 73 65 46 39 86 81 90 | 86 90 50 35 73 31 92 65 18 81 30 37 21 76 89 56 64 71 49 12 27 82 16 32 29
Card  12: 15 77 35 41 38 93 63 30 39 18 | 90 69 65 93 13  4 64 51 72 57 96 91 75 14 58 94 28 38 63 97 86 84 50 15 21
Card  13: 10 82 16 85 74 38 95 51 54 94 | 66 29 85 73 54  8 51 14 56 74 46 42 10 67 16 59 23  7 95 48 94  6 82 68 88
Card  14: 77 53 62 72 97  7 36 96 67 28 | 30 24 28 44 39 77 15 88 92  4 60 66 11 21 20 42 55 53  6 12 95 87 37 58 85
Card  15: 89 74 36  8 27 73 90 60 48 56 | 56 45 74 78 39  7 15  6 89 88  8 76 90 16 22 36 17 10 99 79 71 59 46 96 49
Card  16: 82 64 99 10 32 65 20 78 29 31 | 49 59  4 78 22 18 95 82 54 72 39 41 35 14 98  1 84 92 58 64 28 83 50  7 65
Card  17: 25  1 40 66 84 24 19 17 10 46 | 22 40  8 87 17 38  6 95 36 51 15 93 18 73 56  9 13 57 63 10 78 37 48  1 84
Card  18: 18 14 27 40 80 47  9 65 22  5 | 90 59 72 36 33 31 93 55 75  3 56 37 27 87 10 23 47 19 99 85 35 48 18 62 69
Card  19: 63 16 71 14  1 89 61 55 62 44 | 32  5 64 82 94 77 11 90 54 47 49 29 97 78 57 68 92 33 44 28 59 30 72 18  8
Card  20: 60 21 85  8 35 66 70 36  2 58 | 10 37 36 64 72 98 60 19 55 45 30 33 31 94 90 49 71 57 81 17 91 29 68 86 39
Card  21:  4 25 18  6 56 62 97  1 83 30 | 42 66 83 75 14 50 26 24 90 36 46 87 49 84 53 65 80 17 92 70 19 95  9 27 32
Card  22: 53 91 82 19 43 83 65 46  4 85 | 97 67 90 39 16  1 54 64 10 77 99 71 28 94 30 45 84 95 21 35 13 61 29 11 33